6
251
1
6
1
1
1
1
6
1
6
1
191
1
1
24
66
131
71
11
31
1
1
1
6
251
1
6
1
1
1
1
6
1
6
1
191
1
1
24
371
131
71
11
31
1
1
1
311
251
11
6
1
1
6
16
6
1
6
4
191
1
1
24
372
131
71
11
31
1
1
1
312
252
11
6
3
1
11
16
6
1
6
6
192
1
1
60
451
132
72
12
31
11
4
1
391
331
13
6
3
1
21
16
34
6
35
6
271
3
1
511
451
211
151
91
31
31
16
26
391
331
13
6
11
12
21
16
46
31
66
6
271
61
26
511
451
211
151
91
31
31
46
26
301
241
6
1
1
1
29
1
1
1
1
1
181
1
21
17
361
121
61
1
1
1
1
4
301
241
6
1
1
1
29
1
1
1
1
1
181
5
21
17
361
121
61
1
1
1
1
4
301
241
6
1
1
1
31
11
1
1
1
1
181
5
21
17
374
121
61
14
1
1
1
4
314
254
6
1
1
1
31
11
1
1
1
1
194
11
21
17
374
134
74
14
1
1
1
4
314
254
6
6
1
6
31
11
1
1
6
6
194
11
21
17
374
134
74
14
26
1
6
4
314
254
6
16
11
6
31
26
1
1
6
76
194
16
36
17
386
134
74
14
26
1
6
4
