361
301
136
76
16
114
54
36
6
199
139
79
241
19
492
432
372
181
121
61
200
140
80
20
312
252
331
271
211
151
91
31
28
71
11
655
192
595
535
475
415
132
72
12
61
511
451
391
355
295
86
26
46
6
21
43
6
11
22
16
235
21
421
361
301
175
115
55
156
96
36
146
241
181
121
61
93
33
13
54
6
31
21
4
121
526
466
406
346
61
51
98
38
70
10
56
286
226
81
21
41
114
54
71
11
61
31
21
166
511
451
391
331
106
46
46
76
16
107
47
271
211
31
11
43
12
31
6
18
6
6
41
151
21
461
401
341
91
31
121
61
31
2
21
661
601
61
122
62
2
61
51
36
61
6
661
541
601
541
481
421
481
421
361
301
241
181
361
301
131
71
11
26
41
3
6
11
26
751
241
691
631
571
511
181
121
61
61
31
91
31
451
391
60
31
61
13
26
3
41
11
762
702
331
642
582
522
462
271
211
151
91
31
61
30
402
342
96
36
149
89
29
3
21
781
721
661
282
601
541
481
421
222
162
102
42
61
2
23
361
301
381
321
261
201
141
81
21
6
936
876
241
816
756
696
636
181
121
61
31
181
121
61
576
516
91
31
61
26
36
61
19
36
26
616
456
556
496
436
376
396
336
276
216
156
96
36
1945
1885
805
1825
745
685
625
565
1765
1705
1645
1585
1525
1465
505
445
123
63
3
12
126
66
6
71
11
615
385
555
495
435
375
325
265
205
145
85
25
33
315
255
31
241
181
121
61
3
21
26
6
36
195
1046
986
926
866
135
75
15
108
48
61
61
806
746
206
146
86
26
61
136
76
16
6
61
686
676
616
556
496
626
566
506
446
386
326
266
436
376
207
147
87
27
1021
961
901
841
781
721
316
661
601
541
481
256
196
136
76
16
41
267
421
361
71
11
169
109
49
24
6
822
762
702
301
642
582
522
462
241
181
121
61
106
46
131
402
342
379
319
259
199
139
79
19
56
23
21
282
601
541
481
421
222
162
102
42
559
499
439
1891
1831
1111
1051
991
931
871
811
751
1771
691
631
571
511
1711
1651
1591
1531
1471
1411
451
391
276
216
156
96
36
240
180
120
60
586
331
526
466
406
346
271
211
151
91
31
396
336
286
226
359
299
239
179
119
59
120
60
785
725
166
665
605
545
485
106
46
61
108
48
479
419
425
365
136
76
16
31
63
3
28
41
11
601
305
541
481
421
361
245
185
125
65
5
106
46
301
241
61
61
31
89
29
16
6
6
11
901
181
841
781
721
661
121
61
62
2
11
3
26
601
541
359
299
239
179
119
59
901
841
781
721
481
661
601
541
481
421
361
301
241
181
121
61
46
11
11
13
31
6
96
36
60
301
241
181
121
61
39
16
4
1023
963
903
843
783
723
663
123
63
3
186
126
66
6
16
6
628
603
568
508
448
388
543
483
423
363
303
243
183
328
268
131
71
11
186
126
66
6
141
81
21
208
621
561
501
441
148
88
28
75
15
21
4
381
321
106
46
43
61
36
19
33
9
23
571
261
511
451
391
331
201
141
81
21
56
121
61
271
211
211
151
91
31
126
66
6
141
81
21
151
721
661
601
541
91
31
136
76
16
2
61
481
421
96
36
259
199
139
79
19
106
46
581
361
521
461
401
341
301
241
181
121
61
46
156
281
221
26
15
89
29
49
19
33
26
61
41
161
31
466
406
346
101
41
46
11
26
16
4
396
336
91
31
55
27
36
51
18
6
6
21
276
176
116
56
506
216
156
96
36
50
16
4
446
386
131
71
11
61
106
46
61
61
11
776
326
716
656
596
536
266
206
146
86
26
39
191
476
416
26
11
11
13
6
6
6
6
6
16
356
541
481
421
361
296
236
176
116
56
102
42
301
241
207
147
87
27
146
86
26
60
26
41
181
526
466
406
346
121
61
21
86
26
25
42
286
226
181
121
61
1021
961
901
841
781
721
661
166
601
541
481
421
106
46
276
216
156
96
36
361
301
46
11
11
24
31
3
6
6
11
16
241
16
556
496
436
181
121
61
51
56
46
4
939
