361
301
330
270
210
150
90
30
236
176
116
56
241
961
901
841
781
181
121
61
570
510
450
390
721
661
121
61
166
106
46
16
46
31
81
21
601
41
571
511
451
541
481
421
361
301
241
181
391
331
116
56
131
71
11
21
11
41
11
6
271
21
43
7
461
211
151
91
31
6
91
31
401
341
61
66
6
60
6
16
14
11
16
6
281
33
21
7
366
221
161
101
41
31
56
121
306
246
210
150
90
30
46
31
30
91
31
60
186
40
21
441
381
126
66
6
61
96
36
270
321
261
61
84
24
16
31
16
11
16
6
26
201
11
56
421
361
141
81
21
131
71
11
60
626
566
26
66
6
31
31
59
30
86
26
26
506
11
56
441
381
446
386
326
266
206
146
86
321
261
207
147
87
27
11
171
111
51
16
700
201
640
580
520
460
141
81
21
91
31
31
267
400
340
11
53
31
16
21
16
14
11
6
30
280
90
30
60
511
220
160
100
40
6
11
51
451
391
240
180
120
60
151
91
31
36
121
61
331
30
601
541
481
271
211
151
91
31
116
56
421
361
11
141
81
21
91
31
97
37
86
26
301
30
51
551
491
241
181
121
61
16
131
71
431
371
61
30
6
57
11
30
30
16
26
41
311
46
51
571
511
251
191
131
71
11
11
55
2011
1951
991
931
871
1891
811
751
691
631
1831
1771
1711
1651
1591
571
511
496
436
376
316
256
196
136
76
16
601
451
541
481
421
361
391
331
271
211
151
91
31
301
241
121
61
76
16
21
36
14
37
1231
1171
181
1111
1051
991
931
121
61
21
61
31
241
181
871
811
271
211
151
91
31
21
11
30
61
48
751
661
601
541
481
691
631
571
511
451
391
331
421
361
126
66
6
16
106
46
111
51
121
61
301
546
486
426
366
241
181
121
61
41
116
56
306
246
201
141
81
21
11
30
2
36
31
30
186
41
511
451
391
126
66
6
211
151
91
31
331
271
251
191
131
71
11
91
31
150
90
30
211
901
841
781
721
151
91
31
186
126
66
6
1961
1901
1181
1121
1061
1001
941
881
821
1841
761
701
641
581
1781
1721
1661
1601
1541
521
461
271
211
151
91
31
976
916
856
796
736
401
676
616
556
496
341
281
221
161
101
41
31
436
376
126
66
6
156
96
36
30
180
120
60
316
11
751
691
631
256
196
136
76
16
246
186
571
511
207
147
87
27
151
91
31
23
681
621
451
561
501
441
381
391
331
271
211
151
91
31
321
261
41
54
101
41
31
157
97
37
18
26
201
623
563
503
443
141
81
21
61
31
11
61
383
323
176
116
56
210
150
90
30
46
60
691
263
631
571
511
451
203
143
83
23
356
296
236
56
77
17
21
26
16
2
41
26
271
211
151
91
31
31
6
6
1801
1741
1021
961
901
841
781
721
661
1681
601
541
481
421
1621
1561
1501
1441
1381
361
301
251
191
131
71
11
56
31
91
31
2
241
546
486
426
366
181
121
61
196
136
76
16
306
246
101
41
181
121
61
961
901
841
781
721
186
661
601
541
481
126
66
6
341
281
221
161
421
361
11
91
31
16
81
21
2
16
26
60
301
180
120
60
481
241
181
121
61
16
16
60
421
361
226
166
106
46
61
61
138
78
18
661
301
601
541
481
421
241
181
121
61
16
36
286
361
301
56
151
91
31
31
16
51
31
16
181
241
121
61
60
386
181
121
61
76
16
16
31
326
266
26
116
56
16
21
2
2
16
6
16
206
11
486
426
366
146
86
26
6
3
16
60
331
271
11
30
7
91
31
36
8
16
86
26
211
11
31
421
361
151
91
31
50
6
11
16
301
241
26
77
17
46
11
56
121
61
66
6
181
11
616
556
496
121
61
31
131
71
11
86
436
376
11
120
60
21
26
46
36
31
76
16
316
90
30
511
451
256
196
136
76
16
11
60
391
331
31
121
61
31
31
31
30
51
90
30
271
836
776
716
656
211
151
91
31
31
91
31
596
536
121
61
270
210
150
90
30
51
871
811
476
751
691
631
571
416
356
296
236
176
116
56
511
451
11
151
91
31
31
2
36
16
16
191
391
131
71
11
391
331
271
211
151
91
31
31
956
