261
201
266
206
146
86
26
181
121
61
871
811
141
751
691
631
571
81
21
301
241
181
121
61
511
451
121
61
96
36
86
26
26
96
36
36
391
601
541
481
421
331
271
211
151
91
31
181
361
301
106
46
96
36
169
109
49
16
36
204
241
144
84
24
626
181
121
61
346
286
226
166
566
506
56
61
51
176
116
56
56
36
61
31
446
176
116
56
491
386
326
266
206
146
86
26
431
371
279
219
159
99
39
109
49
16
58
611
311
551
491
431
371
251
191
131
71
11
31
339
311
251
56
3
266
206
146
86
26
21
106
46
191
131
71
11
74
14
176
116
701
641
101
41
88
28
201
141
81
21
106
46
581
651
591
531
471
521
461
401
341
161
411
351
540
480
420
360
300
240
180
120
60
51
291
701
641
581
521
231
171
111
51
41
51
600
461
401
31
100
40
116
56
61
180
120
60
721
341
661
601
541
481
281
221
161
101
41
51
91
421
361
111
51
396
336
276
216
156
96
36
601
301
541
481
421
361
241
181
121
61
11
231
171
301
241
36
211
151
91
31
26
56
21
4
806
181
746
686
626
566
121
61
11
171
111
51
96
506
446
31
211
151
91
31
4
1166
1106
1046
986
386
926
866
806
746
326
266
206
146
86
26
11
2056
796
736
676
616
556
16
316
256
196
136
76
16
761
701
641
496
581
521
461
401
436
376
316
256
196
136
76
341
281
345
285
225
165
105
45
986
926
866
806
221
746
686
626
566
161
101
41
146
86
26
11
506
446
85
25
336
276
216
156
96
36
911
851
386
791
731
671
611
326
266
206
146
86
26
11
551
491
111
51
1120
1060
1000
940
880
820
760
700
431
640
580
520
460
371
311
251
191
131
71
11
400
340
86
26
34
1211
1151
1091
1031
971
911
851
280
791
731
671
611
220
160
100
40
131
71
11
551
491
21
91
31
91
31
240
180
120
60
806
431
746
686
626
566
371
311
251
191
131
71
11
1041
981
201
141
81
21
871
811
751
691
631
571
511
451
31
301
241
181
121
61
1031
971
911
851
391
791
731
671
611
331
271
211
151
91
31
37
551
491
160
100
40
2896
2836
2776
2716
2656
2596
2536
431
2476
2416
2356
2296
371
311
251
191
131
71
11
2236
2176
1636
1576
1516
1456
1396
1336
1276
1216
1156
1096
2116
1036
976
916
856
2056
1996
1936
1876
1816
1756
1696
796
736
196
136
76
16
2671
2611
2551
2491
2431
2371
676
2311
2251
2191
2131
616
556
496
436
376
316
256
2071
2011
1471
1411
1351
1291
1231
1171
1111
1051
991
931
1951
871
811
751
691
1891
1831
1771
1711
1651
1591
1531
631
571
31
356
296
236
176
116
56
511
451
391
331
271
211
151
91
663
603
63
3
1081
1021
961
901
841
781
721
661
601
541
481
421
123
361
301
376
316
256
196
136
76
16
721
661
601
241
541
481
421
361
181
121
61
616
556
496
436
301
241
36
461
401
341
281
221
161
101
41
811
181
751
691
631
571
121
61
61
181
121
61
11
511
451
63
3
136
76
16
26
66
6
661
601
391
541
481
421
361
331
271
211
151
91
31
123
301
241
26
301
241
181
121
61
741
681
621
561
181
501
441
381
321
121
61
36
91
31
146
86
261
201
350
290
230
170
110
50
81
21
60
1245
141
1185
1125
1065
1005
81
21
176
116
56
470
410
945
885
345
285
225
165
105
45
825
765
705
645
585
525
465
405
656
596
56
381
321
261
201
141
81
21
36
601
541
481
421
361
416
356
296
236
176
116
301
241
26
3
212
152
92
32
821
761
701
641
181
581
521
461
401
121
61
326
266
206
146
86
341
281
63
3
184
124
64
4
81
21
41
851
221
791
731
671
611
161
101
41
171
111
51
123
551
491
85
25
40
116
56
176
116
56
36
831
431
771
711
651
591
371
311
251
191
131
71
11
531
471
1391
1331
1271
1211
1151
1091
1031
971
911
851
411
791
731
671
611
351
291
231
171
111
51
11
551
491
121
61
184
124
64
4
116
56
6
86
431
26
731
671
611
371
311
251
191
131
71
11
1121
